(kicad_pcb (version 20171130) (host pcbnew "(5.0.2)-1")

  (general
    (thickness 1.6)
    (drawings 29)
    (tracks 301)
    (zones 0)
    (modules 19)
    (nets 7)
  )

  (page User 200 150.012)
  (title_block
    (title "2.4 GHz PA")
    (date 2019-03-04)
    (rev 0.1)
    (company DB4UM)
  )

  (layers
    (0 F.Cu signal)
    (1 In1.Cu signal hide)
    (2 In2.Cu signal hide)
    (31 B.Cu signal hide)
    (32 B.Adhes user hide)
    (33 F.Adhes user hide)
    (34 B.Paste user hide)
    (35 F.Paste user hide)
    (36 B.SilkS user hide)
    (37 F.SilkS user)
    (38 B.Mask user hide)
    (39 F.Mask user hide)
    (40 Dwgs.User user hide)
    (41 Cmts.User user hide)
    (42 Eco1.User user hide)
    (43 Eco2.User user hide)
    (44 Edge.Cuts user hide)
    (45 Margin user hide)
    (46 B.CrtYd user hide)
    (47 F.CrtYd user hide)
    (48 B.Fab user hide)
    (49 F.Fab user hide)
  )

  (setup
    (last_trace_width 0.25)
    (user_trace_width 0.41)
    (user_trace_width 0.8)
    (trace_clearance 0.2)
    (zone_clearance 0)
    (zone_45_only no)
    (trace_min 0.2)
    (segment_width 0.2)
    (edge_width 0.01)
    (via_size 0.8)
    (via_drill 0.4)
    (via_min_size 0.2)
    (via_min_drill 0.254)
    (user_via 0.51 0.254)
    (uvia_size 0.3)
    (uvia_drill 0.1)
    (uvias_allowed no)
    (uvia_min_size 0.2)
    (uvia_min_drill 0.1)
    (pcb_text_width 0.3)
    (pcb_text_size 1.5 1.5)
    (mod_edge_width 0.15)
    (mod_text_size 1 1)
    (mod_text_width 0.15)
    (pad_size 0.8 0.8)
    (pad_drill 0.5)
    (pad_to_mask_clearance 0.051)
    (solder_mask_min_width 0.25)
    (aux_axis_origin 0 0)
    (visible_elements 7FFFFFFF)
    (pcbplotparams
      (layerselection 0x01020_7ffffff9)
      (usegerberextensions false)
      (usegerberattributes false)
      (usegerberadvancedattributes false)
      (creategerberjobfile false)
      (excludeedgelayer true)
      (linewidth 0.100000)
      (plotframeref false)
      (viasonmask false)
      (mode 1)
      (useauxorigin false)
      (hpglpennumber 1)
      (hpglpenspeed 20)
      (hpglpendiameter 15.000000)
      (psnegative false)
      (psa4output false)
      (plotreference true)
      (plotvalue true)
      (plotinvisibletext false)
      (padsonsilk false)
      (subtractmaskfromsilk false)
      (outputformat 4)
      (mirror false)
      (drillshape 0)
      (scaleselection 1)
      (outputdirectory ""))
  )

  (net 0 "")
  (net 1 GND)
  (net 2 PAEN)
  (net 3 VBIAS)
  (net 4 "Net-(J1-Pad1)")
  (net 5 "Net-(J2-Pad1)")
  (net 6 "Net-(J3-Pad2)")

  (net_class Default "This is the default net class."
    (clearance 0.2)
    (trace_width 0.25)
    (via_dia 0.8)
    (via_drill 0.4)
    (uvia_dia 0.3)
    (uvia_drill 0.1)
    (add_net GND)
    (add_net "Net-(J1-Pad1)")
    (add_net "Net-(J2-Pad1)")
    (add_net "Net-(J3-Pad2)")
    (add_net PAEN)
    (add_net VBIAS)
  )

  (module baum_rf:SMA_Samtec_SMA-J-P-H-ST-EM1_EdgeMount (layer F.Cu) (tedit 5C6B0504) (tstamp 5C74C5E1)
    (at 117 85 180)
    (descr http://suddendocs.samtec.com/prints/sma-j-p-x-st-em1-mkt.pdf)
    (tags SMA)
    (path /5C59C9F7)
    (attr smd)
    (fp_text reference J1 (at -3.5 0 270) (layer F.SilkS) hide
      (effects (font (size 1 1) (thickness 0.15)))
    )
    (fp_text value Conn_Coaxial (at 5 5.9 180) (layer F.Fab)
      (effects (font (size 1 1) (thickness 0.15)))
    )
    (fp_line (start 3.1 0) (end 2.1 0.75) (layer F.Fab) (width 0.1))
    (fp_line (start 2.1 -0.75) (end 3.1 0) (layer F.Fab) (width 0.1))
    (fp_text user %R (at 4.79 0 90) (layer F.Fab)
      (effects (font (size 1 1) (thickness 0.15)))
    )
    (fp_line (start 3 -4) (end -2.6 -4) (layer F.CrtYd) (width 0.05))
    (fp_line (start 12.12 -4.5) (end 12.12 4.5) (layer F.CrtYd) (width 0.05))
    (fp_line (start 3 4) (end -2.6 4) (layer F.CrtYd) (width 0.05))
    (fp_line (start -2.6 4) (end -2.6 -4) (layer F.CrtYd) (width 0.05))
    (fp_line (start 3 -4) (end -2.6 -4) (layer B.CrtYd) (width 0.05))
    (fp_line (start 12.12 -4.5) (end 12.12 4.5) (layer B.CrtYd) (width 0.05))
    (fp_line (start 3 4) (end -2.6 4) (layer B.CrtYd) (width 0.05))
    (fp_line (start -2.6 4) (end -2.6 -4) (layer B.CrtYd) (width 0.05))
    (fp_line (start 11.62 -3.165) (end 11.62 3.165) (layer F.Fab) (width 0.1))
    (fp_line (start -1.71 -3.175) (end 11.62 -3.175) (layer F.Fab) (width 0.1))
    (fp_line (start -1.71 -3.175) (end -1.71 -2.365) (layer F.Fab) (width 0.1))
    (fp_line (start -1.71 -2.365) (end 2.1 -2.365) (layer F.Fab) (width 0.1))
    (fp_line (start 2.1 -2.365) (end 2.1 2.365) (layer F.Fab) (width 0.1))
    (fp_line (start 2.1 2.365) (end -1.71 2.365) (layer F.Fab) (width 0.1))
    (fp_line (start -1.71 2.365) (end -1.71 3.175) (layer F.Fab) (width 0.1))
    (fp_line (start -1.71 3.175) (end 11.62 3.175) (layer F.Fab) (width 0.1))
    (fp_line (start 12.12 4.5) (end 3 4.5) (layer F.CrtYd) (width 0.05))
    (fp_line (start 3 4.5) (end 3 4) (layer F.CrtYd) (width 0.05))
    (fp_line (start 12.12 -4.5) (end 3 -4.5) (layer F.CrtYd) (width 0.05))
    (fp_line (start 3 -4.5) (end 3 -4) (layer F.CrtYd) (width 0.05))
    (fp_line (start 12.12 -4.5) (end 3 -4.5) (layer B.CrtYd) (width 0.05))
    (fp_line (start 3 -4.5) (end 3 -4) (layer B.CrtYd) (width 0.05))
    (fp_line (start 12.12 4.5) (end 3 4.5) (layer B.CrtYd) (width 0.05))
    (fp_line (start 3 4.5) (end 3 4) (layer B.CrtYd) (width 0.05))
    (fp_line (start 2.1 -3.5) (end 2.1 3.5) (layer Dwgs.User) (width 0.1))
    (fp_text user "PCB Edge" (at 2.6 0 270) (layer Dwgs.User)
      (effects (font (size 0.5 0.5) (thickness 0.1)))
    )
    (pad 2 smd rect (at 0 2.825 270) (size 1.35 4.2) (layers B.Cu B.Paste B.Mask)
      (net 1 GND))
    (pad 2 smd rect (at 0 -2.825 270) (size 1.35 4.2) (layers B.Cu B.Paste B.Mask)
      (net 1 GND))
    (pad 2 smd rect (at 0 2.825 270) (size 1.35 4.2) (layers F.Cu F.Paste F.Mask)
      (net 1 GND))
    (pad 2 smd rect (at 0 -2.825 270) (size 1.35 4.2) (layers F.Cu F.Paste F.Mask)
      (net 1 GND))
    (pad 1 smd rect (at 0.2 0 270) (size 1.27 3.6) (layers F.Cu F.Paste F.Mask)
      (net 4 "Net-(J1-Pad1)"))
    (model C:/Users/b4um/Documents/kicad/libs/132323_3d_model_file.igs
      (offset (xyz 2 0 0.3))
      (scale (xyz 1 1 1))
      (rotate (xyz -90 0 180))
    )
  )

  (module baum_rf:SMA_Samtec_SMA-J-P-H-ST-EM1_EdgeMount (layer F.Cu) (tedit 5C6726C4) (tstamp 5C7D86F1)
    (at 138 86.75)
    (descr http://suddendocs.samtec.com/prints/sma-j-p-x-st-em1-mkt.pdf)
    (tags SMA)
    (path /5C59C8BA)
    (attr smd)
    (fp_text reference J2 (at -3.5 0 90) (layer F.SilkS) hide
      (effects (font (size 1 1) (thickness 0.15)))
    )
    (fp_text value Conn_Coaxial (at 5 5.9) (layer F.Fab) hide
      (effects (font (size 1 1) (thickness 0.15)))
    )
    (fp_text user "PCB Edge" (at 2.6 0 90) (layer Dwgs.User)
      (effects (font (size 0.5 0.5) (thickness 0.1)))
    )
    (fp_line (start 2.1 -3.5) (end 2.1 3.5) (layer Dwgs.User) (width 0.1))
    (fp_line (start 3 4.5) (end 3 4) (layer B.CrtYd) (width 0.05))
    (fp_line (start 12.12 4.5) (end 3 4.5) (layer B.CrtYd) (width 0.05))
    (fp_line (start 3 -4.5) (end 3 -4) (layer B.CrtYd) (width 0.05))
    (fp_line (start 12.12 -4.5) (end 3 -4.5) (layer B.CrtYd) (width 0.05))
    (fp_line (start 3 -4.5) (end 3 -4) (layer F.CrtYd) (width 0.05))
    (fp_line (start 12.12 -4.5) (end 3 -4.5) (layer F.CrtYd) (width 0.05))
    (fp_line (start 3 4.5) (end 3 4) (layer F.CrtYd) (width 0.05))
    (fp_line (start 12.12 4.5) (end 3 4.5) (layer F.CrtYd) (width 0.05))
    (fp_line (start -1.71 3.175) (end 11.62 3.175) (layer F.Fab) (width 0.1))
    (fp_line (start -1.71 2.365) (end -1.71 3.175) (layer F.Fab) (width 0.1))
    (fp_line (start 2.1 2.365) (end -1.71 2.365) (layer F.Fab) (width 0.1))
    (fp_line (start 2.1 -2.365) (end 2.1 2.365) (layer F.Fab) (width 0.1))
    (fp_line (start -1.71 -2.365) (end 2.1 -2.365) (layer F.Fab) (width 0.1))
    (fp_line (start -1.71 -3.175) (end -1.71 -2.365) (layer F.Fab) (width 0.1))
    (fp_line (start -1.71 -3.175) (end 11.62 -3.175) (layer F.Fab) (width 0.1))
    (fp_line (start 11.62 -3.165) (end 11.62 3.165) (layer F.Fab) (width 0.1))
    (fp_line (start -2.6 4) (end -2.6 -4) (layer B.CrtYd) (width 0.05))
    (fp_line (start 3 4) (end -2.6 4) (layer B.CrtYd) (width 0.05))
    (fp_line (start 12.12 -4.5) (end 12.12 4.5) (layer B.CrtYd) (width 0.05))
    (fp_line (start 3 -4) (end -2.6 -4) (layer B.CrtYd) (width 0.05))
    (fp_line (start -2.6 4) (end -2.6 -4) (layer F.CrtYd) (width 0.05))
    (fp_line (start 3 4) (end -2.6 4) (layer F.CrtYd) (width 0.05))
    (fp_line (start 12.12 -4.5) (end 12.12 4.5) (layer F.CrtYd) (width 0.05))
    (fp_line (start 3 -4) (end -2.6 -4) (layer F.CrtYd) (width 0.05))
    (fp_text user %R (at 4.79 0 270) (layer F.Fab)
      (effects (font (size 1 1) (thickness 0.15)))
    )
    (fp_line (start 2.1 -0.75) (end 3.1 0) (layer F.Fab) (width 0.1))
    (fp_line (start 3.1 0) (end 2.1 0.75) (layer F.Fab) (width 0.1))
    (pad 1 smd rect (at 0.2 0 90) (size 1.27 3.6) (layers F.Cu F.Paste F.Mask)
      (net 5 "Net-(J2-Pad1)"))
    (pad 2 smd rect (at 0 -2.825 90) (size 1.35 4.2) (layers F.Cu F.Paste F.Mask)
      (net 1 GND))
    (pad 2 smd rect (at 0 2.825 90) (size 1.35 4.2) (layers F.Cu F.Paste F.Mask)
      (net 1 GND))
    (pad 2 smd rect (at 0 -2.825 90) (size 1.35 4.2) (layers B.Cu B.Paste B.Mask)
      (net 1 GND))
    (pad 2 smd rect (at 0 2.825 90) (size 1.35 4.2) (layers B.Cu B.Paste B.Mask)
      (net 1 GND))
    (model C:/Users/b4um/Documents/kicad/libs/132323_3d_model_file.igs
      (offset (xyz 2 0 0.3))
      (scale (xyz 1 1 1))
      (rotate (xyz -90 0 180))
    )
  )

  (module baum_rf:PinHeader_1x02_P2.54mm_Vertical (layer F.Cu) (tedit 5C648CBC) (tstamp 5C7D8950)
    (at 137.5 71.5 270)
    (descr "Through hole straight pin header, 1x02, 2.54mm pitch, single row")
    (tags "Through hole pin header THT 1x02 2.54mm single row")
    (path /5C634FA1)
    (attr smd)
    (fp_text reference J3 (at 0 -2.33 270) (layer F.SilkS) hide
      (effects (font (size 1 1) (thickness 0.15)))
    )
    (fp_text value Conn_01x02 (at 0 4.87 270) (layer F.Fab)
      (effects (font (size 1 1) (thickness 0.15)))
    )
    (fp_text user %R (at 0 1.27) (layer F.Fab)
      (effects (font (size 1 1) (thickness 0.15)))
    )
    (fp_line (start 1.8 -1.8) (end -1.8 -1.8) (layer F.CrtYd) (width 0.05))
    (fp_line (start -1.8 4.35) (end 1.8 4.35) (layer F.CrtYd) (width 0.05))
    (fp_line (start -1.27 -0.635) (end -0.635 -1.27) (layer F.Fab) (width 0.1))
    (fp_line (start 1.27 3.81) (end -1.27 3.81) (layer F.Fab) (width 0.1))
    (fp_line (start -0.635 -1.27) (end 1.27 -1.27) (layer F.Fab) (width 0.1))
    (pad 2 smd roundrect (at 0 5 270) (size 4 4) (layers F.Cu F.Paste F.Mask) (roundrect_rratio 0.1)
      (net 6 "Net-(J3-Pad2)"))
    (pad 1 smd roundrect (at 0 0 270) (size 4 4) (layers F.Cu F.Paste F.Mask) (roundrect_rratio 0.1)
      (net 2 PAEN))
  )

  (module baum_rf:PinHeader_1x02_P2.54mm_Vertical (layer F.Cu) (tedit 5C671BED) (tstamp 5C7D8746)
    (at 123 71.5 270)
    (descr "Through hole straight pin header, 1x02, 2.54mm pitch, single row")
    (tags "Through hole pin header THT 1x02 2.54mm single row")
    (path /5C633BF7)
    (attr smd)
    (fp_text reference J4 (at 0 -2.33 270) (layer F.SilkS) hide
      (effects (font (size 1 1) (thickness 0.15)))
    )
    (fp_text value Conn_01x02 (at 0 4.87 270) (layer F.Fab)
      (effects (font (size 1 1) (thickness 0.15)))
    )
    (fp_text user %R (at 0 1.27) (layer F.Fab)
      (effects (font (size 1 1) (thickness 0.15)))
    )
    (fp_line (start 1.8 -1.8) (end -1.8 -1.8) (layer F.CrtYd) (width 0.05))
    (fp_line (start -1.8 4.35) (end 1.8 4.35) (layer F.CrtYd) (width 0.05))
    (fp_line (start -1.27 -0.635) (end -0.635 -1.27) (layer F.Fab) (width 0.1))
    (fp_line (start 1.27 3.81) (end -1.27 3.81) (layer F.Fab) (width 0.1))
    (fp_line (start -0.635 -1.27) (end 1.27 -1.27) (layer F.Fab) (width 0.1))
    (pad 2 smd roundrect (at 0 5 270) (size 4 4) (layers F.Cu F.Paste F.Mask) (roundrect_rratio 0.1)
      (net 1 GND))
    (pad 1 smd roundrect (at 0 0 270) (size 4 4) (layers F.Cu F.Paste F.Mask) (roundrect_rratio 0.1)
      (net 3 VBIAS))
  )

  (module MountingHole:MountingHole_2.7mm_M2.5_Pad_Via (layer F.Cu) (tedit 5C648653) (tstamp 5C7D867E)
    (at 137 78.5)
    (descr "Mounting Hole 2.7mm")
    (tags "mounting hole 2.7mm")
    (attr virtual)
    (fp_text reference REF** (at 0 -3.7 90) (layer F.SilkS) hide
      (effects (font (size 1 1) (thickness 0.15)))
    )
    (fp_text value MountingHole_2.7mm_M2.5_Pad_Via (at 0 3.7) (layer F.Fab)
      (effects (font (size 1 1) (thickness 0.15)))
    )
    (fp_text user %R (at 0.3 0) (layer F.Fab)
      (effects (font (size 1 1) (thickness 0.15)))
    )
    (fp_circle (center 0 0) (end 2.7 0) (layer Cmts.User) (width 0.15))
    (fp_circle (center 0 0) (end 2.95 0) (layer F.CrtYd) (width 0.05))
    (pad 1 thru_hole circle (at 0 0) (size 5.4 5.4) (drill 2.7) (layers *.Cu *.Mask)
      (net 1 GND))
    (pad 1 thru_hole circle (at 2.025 0) (size 0.8 0.8) (drill 0.5) (layers *.Cu *.Mask)
      (net 1 GND))
    (pad 1 thru_hole circle (at 1.431891 1.431891) (size 0.8 0.8) (drill 0.5) (layers *.Cu *.Mask)
      (net 1 GND))
    (pad 1 thru_hole circle (at 0 2.025) (size 0.8 0.8) (drill 0.5) (layers *.Cu *.Mask)
      (net 1 GND))
    (pad 1 thru_hole circle (at -1.431891 1.431891) (size 0.8 0.8) (drill 0.5) (layers *.Cu *.Mask)
      (net 1 GND))
    (pad 1 thru_hole circle (at -2.025 0) (size 0.8 0.8) (drill 0.5) (layers *.Cu *.Mask)
      (net 1 GND))
    (pad 1 thru_hole circle (at -1.431891 -1.431891) (size 0.8 0.8) (drill 0.5) (layers *.Cu *.Mask)
      (net 1 GND))
    (pad 1 thru_hole circle (at 0 -2.025) (size 0.8 0.8) (drill 0.5) (layers *.Cu *.Mask)
      (net 1 GND))
    (pad 1 thru_hole circle (at 1.431891 -1.431891) (size 0.8 0.8) (drill 0.5) (layers *.Cu *.Mask)
      (net 1 GND))
  )

  (module baum_rf:QFN-16_EP_5.3x5.3_Pitch0.8mm (layer F.Cu) (tedit 5C671BC8) (tstamp 5C7D87FF)
    (at 126.5675 85.5225)
    (path /5C5A0014)
    (attr smd)
    (fp_text reference U1 (at 0 -3.985) (layer F.SilkS) hide
      (effects (font (size 1 1) (thickness 0.15)))
    )
    (fp_text value SKY66295 (at 0 3.985) (layer F.Fab)
      (effects (font (size 1 1) (thickness 0.15)))
    )
    (fp_line (start -1.65 -2.65) (end -2.65 -1.65) (layer F.Fab) (width 0.15))
    (fp_line (start -2.65 -1.65) (end -2.65 2.65) (layer F.Fab) (width 0.15))
    (fp_line (start -2.65 2.65) (end 2.65 2.65) (layer F.Fab) (width 0.15))
    (fp_line (start 2.65 2.65) (end 2.65 -2.65) (layer F.Fab) (width 0.15))
    (fp_line (start 2.65 -2.65) (end -1.65 -2.65) (layer F.Fab) (width 0.15))
    (fp_line (start 2 -2.8) (end 2.8 -2.8) (layer F.SilkS) (width 0.15))
    (fp_line (start 2.8 -2.8) (end 2.8 -2) (layer F.SilkS) (width 0.15))
    (fp_line (start 2 2.8) (end 2.8 2.8) (layer F.SilkS) (width 0.15))
    (fp_line (start 2.8 2.8) (end 2.8 2) (layer F.SilkS) (width 0.15))
    (fp_line (start -2 2.8) (end -2.8 2.8) (layer F.SilkS) (width 0.15))
    (fp_line (start -2.8 2.8) (end -2.8 2) (layer F.SilkS) (width 0.15))
    (fp_line (start -2 -2.8) (end -2.985 -2.8) (layer F.SilkS) (width 0.15))
    (fp_line (start -3.25 -3.25) (end 3.25 -3.25) (layer F.CrtYd) (width 0.05))
    (fp_line (start 3.25 -3.25) (end 3.25 3.25) (layer F.CrtYd) (width 0.05))
    (fp_line (start 3.25 3.25) (end -3.25 3.25) (layer F.CrtYd) (width 0.05))
    (fp_line (start -3.25 3.25) (end -3.25 -3.25) (layer F.CrtYd) (width 0.05))
    (pad 1 smd rect (at -2.315 -1.2 90) (size 0.5 0.67) (layers F.Cu F.Paste F.Mask)
      (net 1 GND))
    (pad 2 smd rect (at -2.315 -0.4 90) (size 0.5 0.67) (layers F.Cu F.Paste F.Mask)
      (net 4 "Net-(J1-Pad1)"))
    (pad 3 smd rect (at -2.315 0.4 90) (size 0.5 0.67) (layers F.Cu F.Paste F.Mask)
      (net 1 GND))
    (pad 4 smd rect (at -2.315 1.2 90) (size 0.5 0.67) (layers F.Cu F.Paste F.Mask)
      (net 1 GND))
    (pad 5 smd rect (at -1.2 2.315) (size 0.5 0.67) (layers F.Cu F.Paste F.Mask)
      (net 3 VBIAS))
    (pad 6 smd rect (at -0.4 2.315) (size 0.5 0.67) (layers F.Cu F.Paste F.Mask)
      (net 2 PAEN))
    (pad 7 smd rect (at 0.4 2.315) (size 0.5 0.67) (layers F.Cu F.Paste F.Mask)
      (net 1 GND))
    (pad 8 smd rect (at 1.2 2.315) (size 0.5 0.67) (layers F.Cu F.Paste F.Mask)
      (net 1 GND))
    (pad 9 smd rect (at 2.315 1.2 90) (size 0.5 0.67) (layers F.Cu F.Paste F.Mask)
      (net 5 "Net-(J2-Pad1)"))
    (pad 10 smd rect (at 2.315 0.4 90) (size 0.5 0.67) (layers F.Cu F.Paste F.Mask)
      (net 1 GND))
    (pad 11 smd rect (at 2.315 -0.4 90) (size 0.5 0.67) (layers F.Cu F.Paste F.Mask)
      (net 1 GND))
    (pad 12 smd rect (at 2.315 -1.2 90) (size 0.5 0.67) (layers F.Cu F.Paste F.Mask)
      (net 3 VBIAS))
    (pad 13 smd rect (at 1.2 -2.315) (size 0.5 0.67) (layers F.Cu F.Paste F.Mask)
      (net 1 GND))
    (pad 14 smd rect (at 0.4 -2.315) (size 0.5 0.67) (layers F.Cu F.Paste F.Mask)
      (net 3 VBIAS))
    (pad 15 smd rect (at -0.4 -2.315) (size 0.5 0.67) (layers F.Cu F.Paste F.Mask)
      (net 1 GND))
    (pad 16 smd rect (at -1.2 -2.315) (size 0.5 0.67) (layers F.Cu F.Paste F.Mask)
      (net 3 VBIAS))
    (pad 17 smd rect (at -1.2975 -1.2975) (size 0.865 0.865) (layers F.Cu F.Paste F.Mask)
      (net 1 GND) (solder_paste_margin -0.1))
    (pad 17 smd rect (at -1.2975 -0.4325) (size 0.865 0.865) (layers F.Cu F.Paste F.Mask)
      (net 1 GND) (solder_paste_margin -0.1))
    (pad 17 smd rect (at -1.2975 0.4325) (size 0.865 0.865) (layers F.Cu F.Paste F.Mask)
      (net 1 GND) (solder_paste_margin -0.1))
    (pad 17 smd rect (at -1.2975 1.2975) (size 0.865 0.865) (layers F.Cu F.Paste F.Mask)
      (net 1 GND) (solder_paste_margin -0.1))
    (pad 17 smd rect (at -0.4325 -1.2975) (size 0.865 0.865) (layers F.Cu F.Paste F.Mask)
      (net 1 GND) (solder_paste_margin -0.1))
    (pad 17 smd rect (at -0.4325 -0.4325) (size 0.865 0.865) (layers F.Cu F.Paste F.Mask)
      (net 1 GND) (solder_paste_margin -0.1))
    (pad 17 smd rect (at -0.4325 0.4325) (size 0.865 0.865) (layers F.Cu F.Paste F.Mask)
      (net 1 GND) (solder_paste_margin -0.1))
    (pad 17 smd rect (at -0.4325 1.2975) (size 0.865 0.865) (layers F.Cu F.Paste F.Mask)
      (net 1 GND) (solder_paste_margin -0.1))
    (pad 17 smd rect (at 0.4325 -1.2975) (size 0.865 0.865) (layers F.Cu F.Paste F.Mask)
      (net 1 GND) (solder_paste_margin -0.1))
    (pad 17 smd rect (at 0.4325 -0.4325) (size 0.865 0.865) (layers F.Cu F.Paste F.Mask)
      (net 1 GND) (solder_paste_margin -0.1))
    (pad 17 smd rect (at 0.4325 0.4325) (size 0.865 0.865) (layers F.Cu F.Paste F.Mask)
      (net 1 GND) (solder_paste_margin -0.1))
    (pad 17 smd rect (at 0.4325 1.2975) (size 0.865 0.865) (layers F.Cu F.Paste F.Mask)
      (net 1 GND) (solder_paste_margin -0.1))
    (pad 17 smd rect (at 1.2975 -1.2975) (size 0.865 0.865) (layers F.Cu F.Paste F.Mask)
      (net 1 GND) (solder_paste_margin -0.1))
    (pad 17 smd rect (at 1.2975 -0.4325) (size 0.865 0.865) (layers F.Cu F.Paste F.Mask)
      (net 1 GND) (solder_paste_margin -0.1))
    (pad 17 smd rect (at 1.2975 0.4325) (size 0.865 0.865) (layers F.Cu F.Paste F.Mask)
      (net 1 GND) (solder_paste_margin -0.1))
    (pad 17 smd rect (at 1.2975 1.2975) (size 0.865 0.865) (layers F.Cu F.Paste F.Mask)
      (net 1 GND) (solder_paste_margin -0.1))
    (pad 17 thru_hole circle (at -1.2975 -1.2975) (size 0.4325 0.4325) (drill 0.21625) (layers *.Cu *.Mask)
      (net 1 GND))
    (pad 17 thru_hole circle (at -1.2975 -0.4325) (size 0.4325 0.4325) (drill 0.21625) (layers *.Cu *.Mask)
      (net 1 GND))
    (pad 17 thru_hole circle (at -1.2975 0.4325) (size 0.4325 0.4325) (drill 0.21625) (layers *.Cu *.Mask)
      (net 1 GND))
    (pad 17 thru_hole circle (at -1.2975 1.2975) (size 0.4325 0.4325) (drill 0.21625) (layers *.Cu *.Mask)
      (net 1 GND))
    (pad 17 thru_hole circle (at -0.4325 -1.2975) (size 0.4325 0.4325) (drill 0.21625) (layers *.Cu *.Mask)
      (net 1 GND))
    (pad 17 thru_hole circle (at -0.4325 -0.4325) (size 0.4325 0.4325) (drill 0.21625) (layers *.Cu *.Mask)
      (net 1 GND))
    (pad 17 thru_hole circle (at -0.4325 0.4325) (size 0.4325 0.4325) (drill 0.21625) (layers *.Cu *.Mask)
      (net 1 GND))
    (pad 17 thru_hole circle (at -0.4325 1.2975) (size 0.4325 0.4325) (drill 0.21625) (layers *.Cu *.Mask)
      (net 1 GND))
    (pad 17 thru_hole circle (at 0.4325 -1.2975) (size 0.4325 0.4325) (drill 0.21625) (layers *.Cu *.Mask)
      (net 1 GND))
    (pad 17 thru_hole circle (at 0.4325 -0.4325) (size 0.4325 0.4325) (drill 0.21625) (layers *.Cu *.Mask)
      (net 1 GND))
    (pad 17 thru_hole circle (at 0.4325 0.4325) (size 0.4325 0.4325) (drill 0.21625) (layers *.Cu *.Mask)
      (net 1 GND))
    (pad 17 thru_hole circle (at 0.4325 1.2975) (size 0.4325 0.4325) (drill 0.21625) (layers *.Cu *.Mask)
      (net 1 GND))
    (pad 17 thru_hole circle (at 1.2975 -1.2975) (size 0.4325 0.4325) (drill 0.21625) (layers *.Cu *.Mask)
      (net 1 GND))
    (pad 17 thru_hole circle (at 1.2975 -0.4325) (size 0.4325 0.4325) (drill 0.21625) (layers *.Cu *.Mask)
      (net 1 GND))
    (pad 17 thru_hole circle (at 1.2975 0.4325) (size 0.4325 0.4325) (drill 0.21625) (layers *.Cu *.Mask)
      (net 1 GND))
    (pad 17 thru_hole circle (at 1.2975 1.2975) (size 0.4325 0.4325) (drill 0.21625) (layers *.Cu *.Mask)
      (net 1 GND))
    (model ${KISYS3DMOD}/Package_DFN_QFN.3dshapes/QFN-16-1EP_4x4mm_Pitch0.65mm.step
      (at (xyz 0 0 0))
      (scale (xyz 1.2 1.2 1))
      (rotate (xyz 0 0 0))
    )
  )

  (module Capacitor_SMD:C_0603_1608Metric_Pad1.05x0.95mm_HandSolder (layer F.Cu) (tedit 5B301BBE) (tstamp 5C7D8895)
    (at 128 91.875 270)
    (descr "Capacitor SMD 0603 (1608 Metric), square (rectangular) end terminal, IPC_7351 nominal with elongated pad for handsoldering. (Body size source: http://www.tortai-tech.com/upload/download/2011102023233369053.pdf), generated with kicad-footprint-generator")
    (tags "capacitor handsolder")
    (path /5C5A09C5)
    (attr smd)
    (fp_text reference C1 (at -2.275 0) (layer F.SilkS)
      (effects (font (size 1 1) (thickness 0.15)))
    )
    (fp_text value 3.3n (at 0 1.43 270) (layer F.Fab)
      (effects (font (size 1 1) (thickness 0.15)))
    )
    (fp_text user %R (at 0 0 270) (layer F.Fab)
      (effects (font (size 0.4 0.4) (thickness 0.06)))
    )
    (fp_line (start 1.65 0.73) (end -1.65 0.73) (layer F.CrtYd) (width 0.05))
    (fp_line (start 1.65 -0.73) (end 1.65 0.73) (layer F.CrtYd) (width 0.05))
    (fp_line (start -1.65 -0.73) (end 1.65 -0.73) (layer F.CrtYd) (width 0.05))
    (fp_line (start -1.65 0.73) (end -1.65 -0.73) (layer F.CrtYd) (width 0.05))
    (fp_line (start -0.171267 0.51) (end 0.171267 0.51) (layer F.SilkS) (width 0.12))
    (fp_line (start -0.171267 -0.51) (end 0.171267 -0.51) (layer F.SilkS) (width 0.12))
    (fp_line (start 0.8 0.4) (end -0.8 0.4) (layer F.Fab) (width 0.1))
    (fp_line (start 0.8 -0.4) (end 0.8 0.4) (layer F.Fab) (width 0.1))
    (fp_line (start -0.8 -0.4) (end 0.8 -0.4) (layer F.Fab) (width 0.1))
    (fp_line (start -0.8 0.4) (end -0.8 -0.4) (layer F.Fab) (width 0.1))
    (pad 2 smd roundrect (at 0.875 0 270) (size 1.05 0.95) (layers F.Cu F.Paste F.Mask) (roundrect_rratio 0.25)
      (net 1 GND))
    (pad 1 smd roundrect (at -0.875 0 270) (size 1.05 0.95) (layers F.Cu F.Paste F.Mask) (roundrect_rratio 0.25)
      (net 2 PAEN))
    (model ${KISYS3DMOD}/Capacitor_SMD.3dshapes/C_0603_1608Metric.wrl
      (at (xyz 0 0 0))
      (scale (xyz 1 1 1))
      (rotate (xyz 0 0 0))
    )
  )

  (module Capacitor_SMD:C_0603_1608Metric_Pad1.05x0.95mm_HandSolder (layer F.Cu) (tedit 5B301BBE) (tstamp 5C7D8925)
    (at 125.5 91.875 270)
    (descr "Capacitor SMD 0603 (1608 Metric), square (rectangular) end terminal, IPC_7351 nominal with elongated pad for handsoldering. (Body size source: http://www.tortai-tech.com/upload/download/2011102023233369053.pdf), generated with kicad-footprint-generator")
    (tags "capacitor handsolder")
    (path /5C5A093F)
    (attr smd)
    (fp_text reference C2 (at -2.275 0.1) (layer F.SilkS)
      (effects (font (size 1 1) (thickness 0.15)))
    )
    (fp_text value 1u (at 0 1.43 270) (layer F.Fab)
      (effects (font (size 1 1) (thickness 0.15)))
    )
    (fp_line (start -0.8 0.4) (end -0.8 -0.4) (layer F.Fab) (width 0.1))
    (fp_line (start -0.8 -0.4) (end 0.8 -0.4) (layer F.Fab) (width 0.1))
    (fp_line (start 0.8 -0.4) (end 0.8 0.4) (layer F.Fab) (width 0.1))
    (fp_line (start 0.8 0.4) (end -0.8 0.4) (layer F.Fab) (width 0.1))
    (fp_line (start -0.171267 -0.51) (end 0.171267 -0.51) (layer F.SilkS) (width 0.12))
    (fp_line (start -0.171267 0.51) (end 0.171267 0.51) (layer F.SilkS) (width 0.12))
    (fp_line (start -1.65 0.73) (end -1.65 -0.73) (layer F.CrtYd) (width 0.05))
    (fp_line (start -1.65 -0.73) (end 1.65 -0.73) (layer F.CrtYd) (width 0.05))
    (fp_line (start 1.65 -0.73) (end 1.65 0.73) (layer F.CrtYd) (width 0.05))
    (fp_line (start 1.65 0.73) (end -1.65 0.73) (layer F.CrtYd) (width 0.05))
    (fp_text user %R (at 0 0 270) (layer F.Fab)
      (effects (font (size 0.4 0.4) (thickness 0.06)))
    )
    (pad 1 smd roundrect (at -0.875 0 270) (size 1.05 0.95) (layers F.Cu F.Paste F.Mask) (roundrect_rratio 0.25)
      (net 3 VBIAS))
    (pad 2 smd roundrect (at 0.875 0 270) (size 1.05 0.95) (layers F.Cu F.Paste F.Mask) (roundrect_rratio 0.25)
      (net 1 GND))
    (model ${KISYS3DMOD}/Capacitor_SMD.3dshapes/C_0603_1608Metric.wrl
      (at (xyz 0 0 0))
      (scale (xyz 1 1 1))
      (rotate (xyz 0 0 0))
    )
  )

  (module Capacitor_SMD:C_0603_1608Metric_Pad1.05x0.95mm_HandSolder (layer F.Cu) (tedit 5B301BBE) (tstamp 5C7D86AC)
    (at 132.814725 82.91669)
    (descr "Capacitor SMD 0603 (1608 Metric), square (rectangular) end terminal, IPC_7351 nominal with elongated pad for handsoldering. (Body size source: http://www.tortai-tech.com/upload/download/2011102023233369053.pdf), generated with kicad-footprint-generator")
    (tags "capacitor handsolder")
    (path /5C5A0A11)
    (attr smd)
    (fp_text reference C3 (at -2.514725 -0.01669) (layer F.SilkS)
      (effects (font (size 1 1) (thickness 0.15)))
    )
    (fp_text value 100p (at 0 1.43) (layer F.Fab)
      (effects (font (size 1 1) (thickness 0.15)))
    )
    (fp_line (start -0.8 0.4) (end -0.8 -0.4) (layer F.Fab) (width 0.1))
    (fp_line (start -0.8 -0.4) (end 0.8 -0.4) (layer F.Fab) (width 0.1))
    (fp_line (start 0.8 -0.4) (end 0.8 0.4) (layer F.Fab) (width 0.1))
    (fp_line (start 0.8 0.4) (end -0.8 0.4) (layer F.Fab) (width 0.1))
    (fp_line (start -0.171267 -0.51) (end 0.171267 -0.51) (layer F.SilkS) (width 0.12))
    (fp_line (start -0.171267 0.51) (end 0.171267 0.51) (layer F.SilkS) (width 0.12))
    (fp_line (start -1.65 0.73) (end -1.65 -0.73) (layer F.CrtYd) (width 0.05))
    (fp_line (start -1.65 -0.73) (end 1.65 -0.73) (layer F.CrtYd) (width 0.05))
    (fp_line (start 1.65 -0.73) (end 1.65 0.73) (layer F.CrtYd) (width 0.05))
    (fp_line (start 1.65 0.73) (end -1.65 0.73) (layer F.CrtYd) (width 0.05))
    (fp_text user %R (at 0 0) (layer F.Fab)
      (effects (font (size 0.4 0.4) (thickness 0.06)))
    )
    (pad 1 smd roundrect (at -0.875 0) (size 1.05 0.95) (layers F.Cu F.Paste F.Mask) (roundrect_rratio 0.25)
      (net 3 VBIAS))
    (pad 2 smd roundrect (at 0.875 0) (size 1.05 0.95) (layers F.Cu F.Paste F.Mask) (roundrect_rratio 0.25)
      (net 1 GND))
    (model ${KISYS3DMOD}/Capacitor_SMD.3dshapes/C_0603_1608Metric.wrl
      (at (xyz 0 0 0))
      (scale (xyz 1 1 1))
      (rotate (xyz 0 0 0))
    )
  )

  (module Capacitor_SMD:C_0603_1608Metric_Pad1.05x0.95mm_HandSolder (layer F.Cu) (tedit 5B301BBE) (tstamp 5C7D89A6)
    (at 132.814725 80.91669)
    (descr "Capacitor SMD 0603 (1608 Metric), square (rectangular) end terminal, IPC_7351 nominal with elongated pad for handsoldering. (Body size source: http://www.tortai-tech.com/upload/download/2011102023233369053.pdf), generated with kicad-footprint-generator")
    (tags "capacitor handsolder")
    (path /5C5A0AAB)
    (attr smd)
    (fp_text reference C4 (at -2.514725 -0.01669) (layer F.SilkS)
      (effects (font (size 1 1) (thickness 0.15)))
    )
    (fp_text value 3.3n (at 0 1.43) (layer F.Fab)
      (effects (font (size 1 1) (thickness 0.15)))
    )
    (fp_text user %R (at 0 0) (layer F.Fab)
      (effects (font (size 0.4 0.4) (thickness 0.06)))
    )
    (fp_line (start 1.65 0.73) (end -1.65 0.73) (layer F.CrtYd) (width 0.05))
    (fp_line (start 1.65 -0.73) (end 1.65 0.73) (layer F.CrtYd) (width 0.05))
    (fp_line (start -1.65 -0.73) (end 1.65 -0.73) (layer F.CrtYd) (width 0.05))
    (fp_line (start -1.65 0.73) (end -1.65 -0.73) (layer F.CrtYd) (width 0.05))
    (fp_line (start -0.171267 0.51) (end 0.171267 0.51) (layer F.SilkS) (width 0.12))
    (fp_line (start -0.171267 -0.51) (end 0.171267 -0.51) (layer F.SilkS) (width 0.12))
    (fp_line (start 0.8 0.4) (end -0.8 0.4) (layer F.Fab) (width 0.1))
    (fp_line (start 0.8 -0.4) (end 0.8 0.4) (layer F.Fab) (width 0.1))
    (fp_line (start -0.8 -0.4) (end 0.8 -0.4) (layer F.Fab) (width 0.1))
    (fp_line (start -0.8 0.4) (end -0.8 -0.4) (layer F.Fab) (width 0.1))
    (pad 2 smd roundrect (at 0.875 0) (size 1.05 0.95) (layers F.Cu F.Paste F.Mask) (roundrect_rratio 0.25)
      (net 1 GND))
    (pad 1 smd roundrect (at -0.875 0) (size 1.05 0.95) (layers F.Cu F.Paste F.Mask) (roundrect_rratio 0.25)
      (net 3 VBIAS))
    (model ${KISYS3DMOD}/Capacitor_SMD.3dshapes/C_0603_1608Metric.wrl
      (at (xyz 0 0 0))
      (scale (xyz 1 1 1))
      (rotate (xyz 0 0 0))
    )
  )

  (module Capacitor_SMD:C_1206_3216Metric_Pad1.42x1.75mm_HandSolder (layer F.Cu) (tedit 5B301BBE) (tstamp 5C7D8976)
    (at 132.5 76.5 90)
    (descr "Capacitor SMD 1206 (3216 Metric), square (rectangular) end terminal, IPC_7351 nominal with elongated pad for handsoldering. (Body size source: http://www.tortai-tech.com/upload/download/2011102023233369053.pdf), generated with kicad-footprint-generator")
    (tags "capacitor handsolder")
    (path /5C5A0AFB)
    (attr smd)
    (fp_text reference C5 (at 0.1 -1.7 90) (layer F.SilkS)
      (effects (font (size 1 1) (thickness 0.15)))
    )
    (fp_text value 10u (at 0 1.82 90) (layer F.Fab)
      (effects (font (size 1 1) (thickness 0.15)))
    )
    (fp_line (start -1.6 0.8) (end -1.6 -0.8) (layer F.Fab) (width 0.1))
    (fp_line (start -1.6 -0.8) (end 1.6 -0.8) (layer F.Fab) (width 0.1))
    (fp_line (start 1.6 -0.8) (end 1.6 0.8) (layer F.Fab) (width 0.1))
    (fp_line (start 1.6 0.8) (end -1.6 0.8) (layer F.Fab) (width 0.1))
    (fp_line (start -0.602064 -0.91) (end 0.602064 -0.91) (layer F.SilkS) (width 0.12))
    (fp_line (start -0.602064 0.91) (end 0.602064 0.91) (layer F.SilkS) (width 0.12))
    (fp_line (start -2.45 1.12) (end -2.45 -1.12) (layer F.CrtYd) (width 0.05))
    (fp_line (start -2.45 -1.12) (end 2.45 -1.12) (layer F.CrtYd) (width 0.05))
    (fp_line (start 2.45 -1.12) (end 2.45 1.12) (layer F.CrtYd) (width 0.05))
    (fp_line (start 2.45 1.12) (end -2.45 1.12) (layer F.CrtYd) (width 0.05))
    (fp_text user %R (at 0 0 90) (layer F.Fab)
      (effects (font (size 0.8 0.8) (thickness 0.12)))
    )
    (pad 1 smd roundrect (at -1.4875 0 90) (size 1.425 1.75) (layers F.Cu F.Paste F.Mask) (roundrect_rratio 0.175439)
      (net 3 VBIAS))
    (pad 2 smd roundrect (at 1.4875 0 90) (size 1.425 1.75) (layers F.Cu F.Paste F.Mask) (roundrect_rratio 0.175439)
      (net 1 GND))
    (model ${KISYS3DMOD}/Capacitor_SMD.3dshapes/C_1206_3216Metric.wrl
      (at (xyz 0 0 0))
      (scale (xyz 1 1 1))
      (rotate (xyz 0 0 0))
    )
  )

  (module Capacitor_SMD:C_0603_1608Metric_Pad1.05x0.95mm_HandSolder (layer F.Cu) (tedit 5B301BBE) (tstamp 5C7D879C)
    (at 128.51 80)
    (descr "Capacitor SMD 0603 (1608 Metric), square (rectangular) end terminal, IPC_7351 nominal with elongated pad for handsoldering. (Body size source: http://www.tortai-tech.com/upload/download/2011102023233369053.pdf), generated with kicad-footprint-generator")
    (tags "capacitor handsolder")
    (path /5C5A1157)
    (attr smd)
    (fp_text reference C6 (at 0 -1.21) (layer F.SilkS)
      (effects (font (size 1 1) (thickness 0.15)))
    )
    (fp_text value 3.3n (at 0 1.43) (layer F.Fab)
      (effects (font (size 1 1) (thickness 0.15)))
    )
    (fp_text user %R (at 0 0) (layer F.Fab)
      (effects (font (size 0.4 0.4) (thickness 0.06)))
    )
    (fp_line (start 1.65 0.73) (end -1.65 0.73) (layer F.CrtYd) (width 0.05))
    (fp_line (start 1.65 -0.73) (end 1.65 0.73) (layer F.CrtYd) (width 0.05))
    (fp_line (start -1.65 -0.73) (end 1.65 -0.73) (layer F.CrtYd) (width 0.05))
    (fp_line (start -1.65 0.73) (end -1.65 -0.73) (layer F.CrtYd) (width 0.05))
    (fp_line (start -0.171267 0.51) (end 0.171267 0.51) (layer F.SilkS) (width 0.12))
    (fp_line (start -0.171267 -0.51) (end 0.171267 -0.51) (layer F.SilkS) (width 0.12))
    (fp_line (start 0.8 0.4) (end -0.8 0.4) (layer F.Fab) (width 0.1))
    (fp_line (start 0.8 -0.4) (end 0.8 0.4) (layer F.Fab) (width 0.1))
    (fp_line (start -0.8 -0.4) (end 0.8 -0.4) (layer F.Fab) (width 0.1))
    (fp_line (start -0.8 0.4) (end -0.8 -0.4) (layer F.Fab) (width 0.1))
    (pad 2 smd roundrect (at 0.875 0) (size 1.05 0.95) (layers F.Cu F.Paste F.Mask) (roundrect_rratio 0.25)
      (net 1 GND))
    (pad 1 smd roundrect (at -0.875 0) (size 1.05 0.95) (layers F.Cu F.Paste F.Mask) (roundrect_rratio 0.25)
      (net 3 VBIAS))
    (model ${KISYS3DMOD}/Capacitor_SMD.3dshapes/C_0603_1608Metric.wrl
      (at (xyz 0 0 0))
      (scale (xyz 1 1 1))
      (rotate (xyz 0 0 0))
    )
  )

  (module Capacitor_SMD:C_1206_3216Metric_Pad1.42x1.75mm_HandSolder (layer F.Cu) (tedit 5B301BBE) (tstamp 5C7D88F5)
    (at 127.4875 77)
    (descr "Capacitor SMD 1206 (3216 Metric), square (rectangular) end terminal, IPC_7351 nominal with elongated pad for handsoldering. (Body size source: http://www.tortai-tech.com/upload/download/2011102023233369053.pdf), generated with kicad-footprint-generator")
    (tags "capacitor handsolder")
    (path /5C5A1191)
    (attr smd)
    (fp_text reference C7 (at 0.1125 -1.6) (layer F.SilkS)
      (effects (font (size 1 1) (thickness 0.15)))
    )
    (fp_text value 10u (at 0 1.82) (layer F.Fab)
      (effects (font (size 1 1) (thickness 0.15)))
    )
    (fp_line (start -1.6 0.8) (end -1.6 -0.8) (layer F.Fab) (width 0.1))
    (fp_line (start -1.6 -0.8) (end 1.6 -0.8) (layer F.Fab) (width 0.1))
    (fp_line (start 1.6 -0.8) (end 1.6 0.8) (layer F.Fab) (width 0.1))
    (fp_line (start 1.6 0.8) (end -1.6 0.8) (layer F.Fab) (width 0.1))
    (fp_line (start -0.602064 -0.91) (end 0.602064 -0.91) (layer F.SilkS) (width 0.12))
    (fp_line (start -0.602064 0.91) (end 0.602064 0.91) (layer F.SilkS) (width 0.12))
    (fp_line (start -2.45 1.12) (end -2.45 -1.12) (layer F.CrtYd) (width 0.05))
    (fp_line (start -2.45 -1.12) (end 2.45 -1.12) (layer F.CrtYd) (width 0.05))
    (fp_line (start 2.45 -1.12) (end 2.45 1.12) (layer F.CrtYd) (width 0.05))
    (fp_line (start 2.45 1.12) (end -2.45 1.12) (layer F.CrtYd) (width 0.05))
    (fp_text user %R (at 0 0) (layer F.Fab)
      (effects (font (size 0.8 0.8) (thickness 0.12)))
    )
    (pad 1 smd roundrect (at -1.4875 0) (size 1.425 1.75) (layers F.Cu F.Paste F.Mask) (roundrect_rratio 0.175439)
      (net 3 VBIAS))
    (pad 2 smd roundrect (at 1.4875 0) (size 1.425 1.75) (layers F.Cu F.Paste F.Mask) (roundrect_rratio 0.175439)
      (net 1 GND))
    (model ${KISYS3DMOD}/Capacitor_SMD.3dshapes/C_1206_3216Metric.wrl
      (at (xyz 0 0 0))
      (scale (xyz 1 1 1))
      (rotate (xyz 0 0 0))
    )
  )

  (module Capacitor_SMD:C_0603_1608Metric_Pad1.05x0.95mm_HandSolder (layer F.Cu) (tedit 5B301BBE) (tstamp 5C7D88C5)
    (at 124.875 80.01)
    (descr "Capacitor SMD 0603 (1608 Metric), square (rectangular) end terminal, IPC_7351 nominal with elongated pad for handsoldering. (Body size source: http://www.tortai-tech.com/upload/download/2011102023233369053.pdf), generated with kicad-footprint-generator")
    (tags "capacitor handsolder")
    (path /5C5A0BC9)
    (attr smd)
    (fp_text reference C8 (at 0 -1.285) (layer F.SilkS)
      (effects (font (size 1 1) (thickness 0.15)))
    )
    (fp_text value 3.3n (at 0 1.43) (layer F.Fab)
      (effects (font (size 1 1) (thickness 0.15)))
    )
    (fp_line (start -0.8 0.4) (end -0.8 -0.4) (layer F.Fab) (width 0.1))
    (fp_line (start -0.8 -0.4) (end 0.8 -0.4) (layer F.Fab) (width 0.1))
    (fp_line (start 0.8 -0.4) (end 0.8 0.4) (layer F.Fab) (width 0.1))
    (fp_line (start 0.8 0.4) (end -0.8 0.4) (layer F.Fab) (width 0.1))
    (fp_line (start -0.171267 -0.51) (end 0.171267 -0.51) (layer F.SilkS) (width 0.12))
    (fp_line (start -0.171267 0.51) (end 0.171267 0.51) (layer F.SilkS) (width 0.12))
    (fp_line (start -1.65 0.73) (end -1.65 -0.73) (layer F.CrtYd) (width 0.05))
    (fp_line (start -1.65 -0.73) (end 1.65 -0.73) (layer F.CrtYd) (width 0.05))
    (fp_line (start 1.65 -0.73) (end 1.65 0.73) (layer F.CrtYd) (width 0.05))
    (fp_line (start 1.65 0.73) (end -1.65 0.73) (layer F.CrtYd) (width 0.05))
    (fp_text user %R (at 0 0) (layer F.Fab)
      (effects (font (size 0.4 0.4) (thickness 0.06)))
    )
    (pad 1 smd roundrect (at -0.875 0) (size 1.05 0.95) (layers F.Cu F.Paste F.Mask) (roundrect_rratio 0.25)
      (net 3 VBIAS))
    (pad 2 smd roundrect (at 0.875 0) (size 1.05 0.95) (layers F.Cu F.Paste F.Mask) (roundrect_rratio 0.25)
      (net 1 GND))
    (model ${KISYS3DMOD}/Capacitor_SMD.3dshapes/C_0603_1608Metric.wrl
      (at (xyz 0 0 0))
      (scale (xyz 1 1 1))
      (rotate (xyz 0 0 0))
    )
  )

  (module Capacitor_SMD:C_1206_3216Metric_Pad1.42x1.75mm_HandSolder (layer F.Cu) (tedit 5B301BBE) (tstamp 5C7D876C)
    (at 121.5125 77 180)
    (descr "Capacitor SMD 1206 (3216 Metric), square (rectangular) end terminal, IPC_7351 nominal with elongated pad for handsoldering. (Body size source: http://www.tortai-tech.com/upload/download/2011102023233369053.pdf), generated with kicad-footprint-generator")
    (tags "capacitor handsolder")
    (path /5C5A0C67)
    (attr smd)
    (fp_text reference C9 (at 0 -1.8 180) (layer F.SilkS)
      (effects (font (size 1 1) (thickness 0.15)))
    )
    (fp_text value 10u (at 0 1.82 180) (layer F.Fab)
      (effects (font (size 1 1) (thickness 0.15)))
    )
    (fp_text user %R (at 0 0 180) (layer F.Fab)
      (effects (font (size 0.8 0.8) (thickness 0.12)))
    )
    (fp_line (start 2.45 1.12) (end -2.45 1.12) (layer F.CrtYd) (width 0.05))
    (fp_line (start 2.45 -1.12) (end 2.45 1.12) (layer F.CrtYd) (width 0.05))
    (fp_line (start -2.45 -1.12) (end 2.45 -1.12) (layer F.CrtYd) (width 0.05))
    (fp_line (start -2.45 1.12) (end -2.45 -1.12) (layer F.CrtYd) (width 0.05))
    (fp_line (start -0.602064 0.91) (end 0.602064 0.91) (layer F.SilkS) (width 0.12))
    (fp_line (start -0.602064 -0.91) (end 0.602064 -0.91) (layer F.SilkS) (width 0.12))
    (fp_line (start 1.6 0.8) (end -1.6 0.8) (layer F.Fab) (width 0.1))
    (fp_line (start 1.6 -0.8) (end 1.6 0.8) (layer F.Fab) (width 0.1))
    (fp_line (start -1.6 -0.8) (end 1.6 -0.8) (layer F.Fab) (width 0.1))
    (fp_line (start -1.6 0.8) (end -1.6 -0.8) (layer F.Fab) (width 0.1))
    (pad 2 smd roundrect (at 1.4875 0 180) (size 1.425 1.75) (layers F.Cu F.Paste F.Mask) (roundrect_rratio 0.175439)
      (net 1 GND))
    (pad 1 smd roundrect (at -1.4875 0 180) (size 1.425 1.75) (layers F.Cu F.Paste F.Mask) (roundrect_rratio 0.175439)
      (net 3 VBIAS))
    (model ${KISYS3DMOD}/Capacitor_SMD.3dshapes/C_1206_3216Metric.wrl
      (at (xyz 0 0 0))
      (scale (xyz 1 1 1))
      (rotate (xyz 0 0 0))
    )
  )

  (module Resistor_SMD:R_0603_1608Metric_Pad1.05x0.95mm_HandSolder (layer F.Cu) (tedit 5B301BBD) (tstamp 5C7D8547)
    (at 127 71.875 270)
    (descr "Resistor SMD 0603 (1608 Metric), square (rectangular) end terminal, IPC_7351 nominal with elongated pad for handsoldering. (Body size source: http://www.tortai-tech.com/upload/download/2011102023233369053.pdf), generated with kicad-footprint-generator")
